0.10000000000000001 1
0.20000000000000001 1
0.30000000000000004 1
0.40000000000000002 1
0.5 1
0.59999999999999998 1
0.69999999999999996 1
0.79999999999999993 1
0.89999999999999991 1
0.99999999999999989 1
1.0999999999999999 1
1.2 2
1.3 2
1.4000000000000001 3
1.5000000000000002 4
1.6000000000000003 5
1.7000000000000004 6
1.8000000000000005 7
1.9000000000000006 9
2.0000000000000004 13
2.1000000000000005 15
2.2000000000000006 19
2.3000000000000007 20.1496
2.4000000000000008 20.4456
2.5000000000000009 20.8336
2.600000000000001 21.0725
2.7000000000000011 21.3557
2.8000000000000012 21.6351
2.9000000000000012 21.911
3.0000000000000013 22.2735
3.1000000000000014 22.4525
3.2000000000000015 22.7184
3.3000000000000016 22.9813
3.4000000000000017 23.2411
3.5000000000000018 23.5832
3.6000000000000019 23.7523
3.700000000000002 24.0038
3.800000000000002 24.2939
3.9000000000000021 24.5399
4.0000000000000018 24.8237
4.1000000000000014 24.9845
4.2000000000000011 25.2236
4.3000000000000007 25.5391
4.4000000000000004 25.7731
4.5 26.0051
4.5999999999999996 26.1968
4.6999999999999993 26.425
4.7999999999999989 26.7262
4.8999999999999986 26.9128
4.9999999999999982 27.1349
5.0999999999999979 27.3187
5.1999999999999975 27.5376
5.2999999999999972 27.8268
5.3999999999999968 28.006
5.4999999999999964 28.2196
5.5999999999999961 28.4315
5.6999999999999957 28.6419
5.7999999999999954 28.92
5.899999999999995 29.0581
5.9999999999999947 29.264
6.0999999999999943 29.5024
6.199999999999994 29.7051
6.2999999999999936 29.94
6.3999999999999932 30.0734
6.4999999999999929 30.2723
6.5999999999999925 30.5356
6.6999999999999922 30.7316
6.7999999999999918 30.9263
6.8999999999999915 31.0554
6.9999999999999911 31.2481
7.0999999999999908 31.5032
7.1999999999999904 31.6932
7.2999999999999901 31.8821
7.3999999999999897 32.0386
7.4999999999999893 32.2254
7.599999999999989 32.4728
7.6999999999999886 32.6265
7.7999999999999883 32.81
7.8999999999999879 32.9924
7.9999999999999876 33.1739
8.0999999999999872 33.4143
8.1999999999999869 33.5338
8.2999999999999865 33.7123
8.3999999999999861 33.9194
8.4999999999999858 34.096
8.5999999999999854 34.3007
8.6999999999999851 34.4172
8.7999999999999847 34.5912
8.8999999999999844 34.793
8.999999999999984 34.9651
9.0999999999999837 35.1648
9.1999999999999833 35.2784
9.2999999999999829 35.4482
9.3999999999999826 35.6732
9.4999999999999822 35.8411
9.5999999999999819 36.0082
9.6999999999999815 36.1468
9.7999999999999812 36.3125
9.8999999999999808 36.5322
9.9999999999999805 36.6689
10.09999999999998 36.8322
10.19999999999998 36.9948
10.299999999999979 37.1567
10.399999999999979 37.3715
10.499999999999979 37.4784
10.599999999999978 37.6382
10.699999999999978 37.7973
10.799999999999978 37.9558
10.899999999999977 38.166
10.999999999999977 38.2707
11.099999999999977 38.4272
11.199999999999976 38.609
11.299999999999976 38.7642
11.399999999999975 38.9444
11.499999999999975 39.047
11.599999999999975 39.2004
11.699999999999974 39.404
11.799999999999974 39.5561
11.899999999999974 39.7075
11.999999999999973 39.8333
12.099999999999973 39.9837
12.199999999999973 40.1833
12.299999999999972 40.3076
12.399999999999972 40.4562
12.499999999999972 40.5797
12.599999999999971 40.7273
12.699999999999971 40.9233
12.799999999999971 41.0453
12.89999999999997 41.1913
12.99999999999997 41.3367
13.099999999999969 41.4817
13.199999999999969 41.6741
13.299999999999969 41.77
13.399999999999968 41.9135
13.499999999999968 42.0802
13.599999999999968 42.2226
13.699999999999967 42.3881
13.799999999999967 42.4824
13.899999999999967 42.6234
13.999999999999966 42.8108
14.099999999999966 42.9507
14.199999999999966 43.0902
14.299999999999965 43.183
14.399999999999965 43.3217
14.499999999999964 43.5061
14.599999999999964 43.6438
14.699999999999964 43.7811
14.799999999999963 43.8952
14.899999999999963 44.0317
14.999999999999963 44.213
15.099999999999962 44.326
15.199999999999962 44.4612
15.299999999999962 44.596
15.399999999999961 44.7304
15.499999999999961 44.9089
15.599999999999961 44.9979
15.69999999999996 45.1311
15.79999999999996 45.286
15.899999999999959 45.4183
15.999999999999959 45.5722
16.099999999999959 45.6599
16.19999999999996 45.7911
16.299999999999962 45.9438
16.399999999999963 46.0742
16.499999999999964 46.2259
16.599999999999966 46.3124
16.699999999999967 46.4418
16.799999999999969 46.6138
16.89999999999997 46.7424
16.999999999999972 46.8706
17.099999999999973 46.9772
17.199999999999974 47.1047
17.299999999999976 47.2743
17.399999999999977 47.38
17.499999999999979 47.5065
17.59999999999998 47.6326
17.699999999999982 47.7585
17.799999999999983 47.9257
17.899999999999984 48.0091
17.999999999999986 48.134
18.099999999999987 48.2585
18.199999999999989 48.3827
18.29999999999999 48.5478
18.399999999999991 48.6301
18.499999999999993 48.7534
18.599999999999994 48.8968
18.699999999999996 49.0194
18.799999999999997 49.162
18.899999999999999 49.2433
19 49.365
19.100000000000001 49.5268
19.200000000000003 49.6479
19.300000000000004 49.7686
19.400000000000006 49.869
19.500000000000007 49.9892
19.600000000000009 50.149
19.70000000000001 50.2486
19.800000000000011 50.3679
19.900000000000013 50.4869
20.000000000000014 50.6056
20.100000000000016 50.7635
20.200000000000017 50.8422
20.300000000000018 50.9601
20.40000000000002 51.0778
20.500000000000021 51.1951
20.600000000000023 51.3512
20.700000000000024 51.429
20.800000000000026 51.5456
20.900000000000027 51.6812
21.000000000000028 51.7972
21.10000000000003 51.9322
21.200000000000031 52.0092
21.300000000000033 52.1245
21.400000000000034 52.2777
21.500000000000036 52.3924
21.600000000000037 52.5068
21.700000000000038 52.602
21.80000000000004 52.7159
21.900000000000041 52.8675
22.000000000000043 52.962
22.100000000000044 53.0752
22.200000000000045 53.1693
22.300000000000047 53.2821
22.400000000000048 53.432
22.50000000000005 53.5256
22.600000000000051 53.6376
22.700000000000053 53.7493
22.800000000000054 53.8609
22.900000000000055 54.0092
23.000000000000057 54.0832
23.100000000000058 54.1941
23.20000000000006 54.3231
23.300000000000061 54.4335
23.400000000000063 54.5619
23.500000000000064 54.6352
23.600000000000065 54.7449
23.700000000000067 54.8909
23.800000000000068 55.0001
23.90000000000007 55.1091
24.000000000000071 55.1817
24.100000000000072 55.2903
24.200000000000074 55.4348
24.300000000000075 55.543
24.400000000000077 55.6509
24.500000000000078 55.7407
24.60000000000008 55.8483
24.700000000000081 55.9913
24.800000000000082 56.0806
24.900000000000084 56.1875
25.000000000000085 56.2942
25.100000000000087 56.4007
25.200000000000088 56.5424
25.30000000000009 56.6131
25.400000000000091 56.719
25.500000000000092 56.8423
25.600000000000094 56.9478
25.700000000000095 57.0706
25.800000000000097 57.1406
25.900000000000098 57.2455
26.000000000000099 57.3677
26.100000000000101 57.4722
26.200000000000102 57.5939
26.300000000000104 57.6633
26.400000000000105 57.7673
26.500000000000107 57.9056
26.600000000000108 58.0092
26.700000000000109 58.1125
26.800000000000111 58.1985
26.900000000000112 58.3015
27.000000000000114 58.4386
27.100000000000115 58.5241
27.200000000000117 58.6266
27.300000000000118 58.7288
27.400000000000119 58.8309
27.500000000000121 58.9668
27.600000000000122 59.0346
27.700000000000124 59.1362
27.800000000000125 59.2375
27.900000000000126 59.3388
28.000000000000128 59.4734
28.100000000000129 59.5407
28.200000000000131 59.6414
28.300000000000132 59.7586
28.400000000000134 59.859
28.500000000000135 59.9758
28.600000000000136 60.0425
28.700000000000138 60.1423
28.800000000000139 60.2752
28.900000000000141 60.3747
29.000000000000142 60.474
29.100000000000144 60.5567
29.200000000000145 60.6557
29.300000000000146 60.7874
29.400000000000148 60.8696
29.500000000000149 60.9681
29.600000000000151 61.0501
29.700000000000152 61.1483
29.800000000000153 61.279
29.900000000000155 61.3606
30.000000000000156 61.4583
30.100000000000158 61.5559
30.200000000000159 61.6533
30.300000000000161 61.7829
30.400000000000162 61.8476
30.500000000000163 61.9446
30.600000000000165 62.0575
30.700000000000166 62.1541
30.800000000000168 62.2667
30.900000000000169 62.3309
31.000000000000171 62.4271
31.100000000000172 62.5551
31.200000000000173 62.651
31.300000000000175 62.7467
31.400000000000176 62.8104
31.500000000000178 62.9059
31.600000000000179 63.0329
31.70000000000018 63.128
31.800000000000182 63.223
31.900000000000183 63.3021
32.000000000000185 63.3968
32.100000000000186 63.5229
32.200000000000188 63.6016
32.300000000000189 63.6958
32.40000000000019 63.79
32.500000000000192 63.884
32.600000000000193 64.0091
32.700000000000195 64.0716
32.800000000000196 64.1651
32.900000000000198 64.2742
33.000000000000199 64.3675
33.1000000000002 64.4761
33.200000000000202 64.5381
33.300000000000203 64.6311
33.400000000000205 64.7393
33.500000000000206 64.8319
33.600000000000207 64.9398
33.700000000000209 65.0014
33.80000000000021 65.0936
33.900000000000212 65.2164
34.000000000000213 65.3084
34.100000000000215 65.4002
34.200000000000216 65.4766
34.300000000000217 65.5682
34.400000000000219 65.6901
34.50000000000022 65.7662
34.600000000000222 65.8574
34.700000000000223 65.9484
34.800000000000225 66.0393
34.900000000000226 66.1604
35.000000000000227 66.2208
35.100000000000229 66.3114
35.20000000000023 66.4018
35.300000000000232 66.4921
35.400000000000233 66.6123
35.500000000000234 66.6724
35.600000000000236 66.7623
35.700000000000237 66.8671
35.800000000000239 66.9568
35.90000000000024 67.0612
36.000000000000242 67.1209
36.100000000000243 67.2102
36.200000000000244 67.3291
36.300000000000246 67.4182
36.400000000000247 67.5072
36.500000000000249 67.5812
36.60000000000025 67.6699
36.700000000000252 67.7881
36.800000000000253 67.8618
36.900000000000254 67.9502
37.000000000000256 68.0237
37.100000000000257 68.1119
37.200000000000259 68.2439
37.30000000000026 68.3025
37.400000000000261 68.3903
37.500000000000263 68.478
37.600000000000264 68.5655
37.700000000000266 68.6821
37.800000000000267 68.7403
37.900000000000269 68.8276
38.00000000000027 68.9292
38.100000000000271 69.0162
38.200000000000273 69.1176
38.300000000000274 69.1754
38.400000000000276 69.2621
38.500000000000277 69.3775
38.600000000000279 69.464
38.70000000000028 69.5503
38.800000000000281 69.6222
38.900000000000283 69.7083
39.000000000000284 69.823
39.100000000000286 69.8946
39.200000000000287 69.9804
39.300000000000288 70.0518
39.40000000000029 70.1374
39.500000000000291 70.2514
39.600000000000293 70.3225
39.700000000000294 70.4078
39.800000000000296 70.493
39.900000000000297 70.5781
40.000000000000298 70.6913
40.1000000000003 70.7479
40.200000000000301 70.8327
40.300000000000303 70.9314
40.400000000000304 71.016
40.500000000000306 71.1145
40.600000000000307 71.1707
40.700000000000308 71.255
40.80000000000031 71.3672
40.900000000000311 71.4512
41.000000000000313 71.5351
41.100000000000314 71.591
41.200000000000315 71.6748
41.300000000000317 71.7863
41.400000000000318 71.8699
41.50000000000032 71.9533
41.600000000000321 72.0228
41.700000000000323 72.1061
41.800000000000324 72.2169
41.900000000000325 72.2861
42.000000000000327 72.3691
42.100000000000328 72.452
42.20000000000033 72.5347
42.300000000000331 72.645
42.400000000000333 72.7
42.500000000000334 72.7825
42.600000000000335 72.8786
42.700000000000337 72.9609
42.800000000000338 73.0568
42.90000000000034 73.1115
43.000000000000341 73.1936
43.100000000000342 73.2891
43.200000000000344 73.371
43.300000000000345 73.4663
43.400000000000347 73.5208
43.500000000000348 73.6023
43.60000000000035 73.711
43.700000000000351 73.7923
43.800000000000352 73.8736
43.900000000000354 73.9412
44.000000000000355 74.0224
44.100000000000357 74.1304
44.200000000000358 74.1978
44.30000000000036 74.2786
44.400000000000361 74.3594
44.500000000000362 74.44
44.600000000000364 74.5474
44.700000000000365 74.6011
44.800000000000367 74.6814
44.900000000000368 74.7617
45.000000000000369 74.842
45.100000000000371 74.9488
45.200000000000372 75.0021
45.300000000000374 75.0821
45.400000000000375 75.1753
45.500000000000377 75.2551
45.600000000000378 75.348
45.700000000000379 75.4011
45.800000000000381 75.4807
45.900000000000382 75.5866
46.000000000000384 75.6659
46.100000000000385 75.7452
46.200000000000387 75.8112
46.300000000000388 75.8903
46.400000000000389 75.9956
46.500000000000391 76.0614
46.600000000000392 76.1402
46.700000000000394 76.2059
46.800000000000395 76.2846
46.900000000000396 76.3894
47.000000000000398 76.4548
47.100000000000399 76.5333
47.200000000000401 76.6116
47.300000000000402 76.6899
47.400000000000404 76.7942
47.500000000000405 76.8463
47.600000000000406 76.9243
47.700000000000408 77.0153
47.800000000000409 77.0931
47.900000000000411 77.1839
48.000000000000412 77.2357
48.100000000000414 77.3133
48.200000000000415 77.4168
48.300000000000416 77.4942
48.400000000000418 77.5716
48.500000000000419 77.6232
48.600000000000421 77.7004
48.700000000000422 77.8033
48.800000000000423 77.8804
48.900000000000425 77.9574
49.000000000000426 78.0215
49.100000000000428 78.0984
49.200000000000429 78.2008
49.300000000000431 78.2647
49.400000000000432 78.3413
49.500000000000433 78.4179
49.600000000000435 78.4944
49.700000000000436 78.5962
49.800000000000438 78.6471
49.900000000000439 78.7234
50.000000000000441 78.8123
50.100000000000442 78.8884
50.200000000000443 78.977
50.300000000000445 79.0277
50.400000000000446 79.1036
50.500000000000448 79.192
50.600000000000449 79.2678
50.70000000000045 79.356
50.800000000000452 79.4064
50.900000000000453 79.482
51.000000000000455 79.5825
51.100000000000456 79.6579
51.200000000000458 79.7332
51.300000000000459 79.7959
51.40000000000046 79.8711
51.500000000000462 79.9712
51.600000000000463 80.0337
51.700000000000465 80.1086
51.800000000000466 80.1835
51.900000000000468 80.2583
52.000000000000469 80.3579
52.10000000000047 80.4077
52.200000000000472 80.4823
52.300000000000473 80.5568
52.400000000000475 80.6312
52.500000000000476 80.7304
52.600000000000477 80.7799
52.700000000000479 80.8542
52.80000000000048 80.9407
52.900000000000482 81.0148
53.000000000000483 81.1012
53.100000000000485 81.1505
53.200000000000486 81.2244
53.300000000000487 81.3228
53.400000000000489 81.3966
53.50000000000049 81.4703
53.600000000000492 81.5316
53.700000000000493 81.6052
53.800000000000495 81.7032
53.900000000000496 81.7643
54.000000000000497 81.8377
54.100000000000499 81.8988
54.2000000000005 81.972
54.300000000000502 82.0817
54.400000000000503 82.1305
54.500000000000504 82.2035
54.600000000000506 82.2765
54.700000000000507 82.3494
54.800000000000509 82.4464
54.90000000000051 82.495
55.000000000000512 82.5677
55.100000000000513 82.6524
55.200000000000514 82.725
55.300000000000516 82.8095
55.400000000000517 82.8578
55.500000000000519 82.9302
55.60000000000052 83.0266
55.700000000000522 83.0989
55.800000000000523 83.1711
55.900000000000524 83.2312
56.000000000000526 83.3032
56.100000000000527 83.3992
56.200000000000529 83.4591
56.30000000000053 83.531
56.400000000000531 83.5909
56.500000000000533 83.6626
56.600000000000534 83.7582
56.700000000000536 83.8179
56.800000000000537 83.8894
56.900000000000539 83.9609
57.00000000000054 84.0324
57.100000000000541 84.1275
57.200000000000543 84.175
57.300000000000544 84.2463
57.400000000000546 84.3294
57.500000000000547 84.4005
57.600000000000549 84.4834
57.70000000000055 84.5307
57.800000000000551 84.6017
57.900000000000553 84.6962
58.000000000000554 84.767
58.100000000000556 84.8378
58.200000000000557 84.8849
58.300000000000558 84.9556
58.40000000000056 85.0497
58.500000000000561 85.1202
58.600000000000563 85.1907
58.700000000000564 85.2493
58.800000000000566 85.3197
58.900000000000567 85.4134
59.000000000000568 85.4719
59.10000000000057 85.5421
59.200000000000571 85.6122
59.300000000000573 85.6823
59.400000000000574 85.7756
59.500000000000576 85.8222
59.600000000000577 85.8921
59.700000000000578 85.9736
59.80000000000058 86.0434
59.900000000000581 86.1247
60.000000000000583 86.1711
60.100000000000584 86.2407
60.200000000000585 86.3219
60.300000000000587 86.3913
60.400000000000588 86.4723
60.50000000000059 86.5186
60.600000000000591 86.5879
60.700000000000593 86.6803
60.800000000000594 86.7495
60.900000000000595 86.8186
61.000000000000597 86.8762
61.100000000000598 86.9452
61.2000000000006 87.0372
61.300000000000601 87.0946
61.400000000000603 87.1635
61.500000000000604 87.2323
61.600000000000605 87.3011
61.700000000000607 87.3926
61.800000000000608 87.4384
61.90000000000061 87.507
62.000000000000611 87.5756
62.100000000000612 87.644
62.200000000000614 87.7353
62.300000000000615 87.7809
62.400000000000617 87.8492
62.500000000000618 87.9288
62.60000000000062 87.9971
62.700000000000621 88.0766
62.800000000000622 88.122
62.900000000000624 88.19
63.000000000000625 88.2807
63.100000000000627 88.3487
63.200000000000628 88.4166
63.30000000000063 88.4731
63.400000000000631 88.5409
63.500000000000632 88.6312
63.600000000000634 88.6876
63.700000000000635 88.7552
63.800000000000637 88.8115
63.900000000000638 88.8791
64.000000000000639 88.9691
64.100000000000634 89.0252
64.200000000000628 89.0926
64.300000000000622 89.1599
64.400000000000617 89.2272
64.500000000000611 89.3168
64.600000000000605 89.3616
64.7000000000006 89.4287
64.800000000000594 89.507
64.900000000000588 89.574
65.000000000000583 89.6521
65.100000000000577 89.6967
65.200000000000571 89.7636
65.300000000000566 89.8527
65.40000000000056 89.9194
65.500000000000554 89.9861
65.600000000000549 90.0306
65.700000000000543 90.0972
65.800000000000537 90.186
65.900000000000531 90.2525
66.000000000000526 90.3189
66.10000000000052 90.3743
66.200000000000514 90.4406
66.300000000000509 90.5291
66.400000000000503 90.5843
66.500000000000497 90.6505
66.600000000000492 90.7167
66.700000000000486 90.7828
66.80000000000048 90.8709
66.900000000000475 90.9149
67.000000000000469 90.9809
67.100000000000463 91.0578
67.200000000000458 91.1236
67.300000000000452 91.2004
67.400000000000446 91.2443
67.500000000000441 91.31
67.600000000000435 91.3867
67.700000000000429 91.4523
67.800000000000423 91.5288
67.900000000000418 91.5725
68.000000000000412 91.638
68.100000000000406 91.7253
68.200000000000401 91.7907
68.300000000000395 91.856
68.400000000000389 91.9104
68.500000000000384 91.9757
68.600000000000378 92.0626
68.700000000000372 92.1169
68.800000000000367 92.182
68.900000000000361 92.2471
69.000000000000355 92.3121
69.10000000000035 92.3988
69.200000000000344 92.442
69.300000000000338 92.5069
69.400000000000333 92.5718
69.500000000000327 92.6366
69.600000000000321 92.7229
69.700000000000315 92.766
69.80000000000031 92.8307
69.900000000000304 92.9061
70.000000000000298 92.9706
70.100000000000293 93.0459
70.200000000000287 93.0889
70.300000000000281 93.1533
70.400000000000276 93.2392
70.50000000000027 93.3035
70.600000000000264 93.3678
70.700000000000259 93.4213
70.800000000000253 93.4855
70.900000000000247 93.5711
71.000000000000242 93.6245
71.100000000000236 93.6886
71.20000000000023 93.7419
71.300000000000225 93.8059
71.400000000000219 93.9018
71.500000000000213 93.9444
71.600000000000207 94.0082
71.700000000000202 94.072
71.800000000000196 94.1358
71.90000000000019 94.2208
72.000000000000185 94.2632
72.100000000000179 94.3268
72.200000000000173 94.401
72.300000000000168 94.4646
72.400000000000162 94.5386
72.500000000000156 94.5809
72.600000000000151 94.6444
72.700000000000145 94.7289
72.800000000000139 94.7922
72.900000000000134 94.8555
73.000000000000128 94.8976
73.100000000000122 94.9608
73.200000000000117 95.0556
73.300000000000111 95.1081
73.400000000000105 95.1712
73.500000000000099 95.2237
73.600000000000094 95.2867
73.700000000000088 95.3707
73.800000000000082 95.4231
73.900000000000077 95.4859
74.000000000000071 95.5488
74.100000000000065 95.6115
74.20000000000006 95.6952
74.300000000000054 95.737
74.400000000000048 95.7996
74.500000000000043 95.8727
74.600000000000037 95.9352
74.700000000000031 96.0082
74.800000000000026 96.0498
74.90000000000002 96.1123
75.000000000000014 96.1955
75.100000000000009 96.2578
75.200000000000003 96.3202
75.299999999999997 96.3617
75.399999999999991 96.4239
75.499999999999986 96.5069
75.59999999999998 96.569
75.699999999999974 96.6311
75.799999999999969 96.6829
75.899999999999963 96.7449
75.999999999999957 96.8276
76.099999999999952 96.8792
76.199999999999946 96.9411
76.29999999999994 97.003
76.399999999999935 97.0648
76.499999999999929 97.1472
76.599999999999923 97.1884
76.699999999999918 97.2501
76.799999999999912 97.3221
76.899999999999906 97.3837
76.999999999999901 97.4556
77.099999999999895 97.4966
77.199999999999889 97.5581
77.299999999999883 97.6298
77.399999999999878 97.6913
77.499999999999872 97.7629
77.599999999999866 97.8038
77.699999999999861 97.8652
77.799999999999855 97.9469
77.899999999999849 98.0081
77.999999999999844 98.0693
78.099999999999838 98.1203
78.199999999999832 98.1814
78.299999999999827 98.2629
78.399999999999821 98.3137
78.499999999999815 98.3748
78.59999999999981 98.4357
78.699999999999804 98.4967
78.799999999999798 98.5779
78.899999999999793 98.6184
78.999999999999787 98.6793
79.099999999999781 98.74
79.199999999999775 98.8008
79.29999999999977 98.8817
79.399999999999764 98.9222
79.499999999999758 98.9828
79.599999999999753 99.0535
79.699999999999747 99.1141
79.799999999999741 99.1847
79.899999999999736 99.225
79.99999999999973 99.2855
80.099999999999724 99.366
80.199999999999719 99.4264
80.299999999999713 99.4867
80.399999999999707 99.537
80.499999999999702 99.5972
80.599999999999696 99.6775
80.69999999999969 99.7277
80.799999999999685 99.7878
80.899999999999679 99.8379
80.999999999999673 99.898
81.099999999999667 99.978
81.199999999999662 100.028
81.299999999999656 100.088
81.39999999999965 100.148
81.499999999999645 100.208
81.599999999999639 100.288
81.699999999999633 100.328
81.799999999999628 100.387
81.899999999999622 100.457
81.999999999999616 100.517
82.099999999999611 100.586
82.199999999999605 100.626
82.299999999999599 100.686
82.399999999999594 100.765
82.499999999999588 100.825
82.599999999999582 100.884
82.699999999999577 100.924
82.799999999999571 100.983
82.899999999999565 101.062
82.999999999999559 101.122
83.099999999999554 101.181
83.199999999999548 101.231
83.299999999999542 101.29
83.399999999999537 101.369
83.499999999999531 101.418
83.599999999999525 101.477
83.69999999999952 101.536
83.799999999999514 101.595
83.899999999999508 101.674
83.999999999999503 101.713
84.099999999999497 101.772
84.199999999999491 101.841
84.299999999999486 101.9
84.39999999999948 101.969
84.499999999999474 102.008
84.599999999999469 102.067
84.699999999999463 102.135
84.799999999999457 102.194
84.899999999999451 102.263
84.999999999999446 102.302
85.09999999999944 102.36
85.199999999999434 102.438
85.299999999999429 102.497
85.399999999999423 102.556
85.499999999999417 102.604
85.599999999999412 102.663
85.699999999999406 102.741
85.7999999999994 102.789
85.899999999999395 102.848
85.999999999999389 102.906
86.099999999999383 102.964
86.199999999999378 103.042
86.299999999999372 103.081
86.399999999999366 103.139
86.499999999999361 103.197
86.599999999999355 103.255
86.699999999999349 103.333
86.799999999999343 103.371
86.899999999999338 103.429
86.999999999999332 103.497
87.099999999999326 103.555
87.199999999999321 103.623
87.299999999999315 103.661
87.399999999999309 103.719
87.499999999999304 103.796
87.599999999999298 103.854
87.699999999999292 103.912
87.799999999999287 103.96
87.899999999999281 104.018
87.999999999999275 104.094
88.09999999999927 104.142
88.199999999999264 104.2
88.299999999999258 104.248
88.399999999999253 104.306
88.499999999999247 104.382
88.599999999999241 104.43
88.699999999999235 104.488
88.79999999999923 104.545
88.899999999999224 104.602
88.999999999999218 104.679
89.099999999999213 104.717
89.199999999999207 104.774
89.299999999999201 104.841
89.399999999999196 104.898
89.49999999999919 104.965
89.599999999999184 105.003
89.699999999999179 105.06
89.799999999999173 105.136
89.899999999999167 105.193
89.999999999999162 105.25
90.099999999999156 105.288
90.19999999999915 105.345
90.299999999999145 105.431
90.399999999999139 105.478
90.499999999999133 105.535
90.599999999999127 105.583
90.699999999999122 105.639
90.799999999999116 105.715
90.89999999999911 105.762
90.999999999999105 105.819
91.099999999999099 105.876
91.199999999999093 105.932
91.299999999999088 106.008
91.399999999999082 106.046
91.499999999999076 106.102
91.599999999999071 106.168
91.699999999999065 106.225
91.799999999999059 106.291
91.899999999999054 106.328
91.999999999999048 106.385
92.099999999999042 106.46
92.199999999999037 106.516
92.299999999999031 106.572
92.399999999999025 106.61
92.499999999999019 106.666
92.599999999999014 106.741
92.699999999999008 106.797
92.799999999999002 106.854
92.899999999998997 106.9
92.999999999998991 106.956
93.099999999998985 107.031
93.19999999999898 107.078
93.299999999998974 107.134
93.399999999998968 107.19
93.499999999998963 107.246
93.599999999998957 107.32
93.699999999998951 107.358
93.799999999998946 107.414
93.89999999999894 107.479
93.999999999998934 107.535
94.099999999998929 107.6
94.199999999998923 107.637
94.299999999998917 107.693
94.399999999998911 107.758
94.499999999998906 107.813
94.5999999999989 107.878
94.699999999998894 107.915
94.799999999998889 107.971
94.899999999998883 108.045
94.999999999998877 108.1
95.099999999998872 108.156
95.199999999998866 108.202
95.29999999999886 108.258
95.399999999998855 108.331
95.499999999998849 108.378
95.599999999998843 108.433
95.699999999998838 108.488
95.799999999998832 108.544
95.899999999998826 108.617
95.99999999999882 108.654
96.099999999998815 108.709
96.199999999998809 108.764
96.299999999998803 108.82
96.399999999998798 108.893
96.499999999998792 108.93
96.599999999998786 108.985
96.699999999998781 109.049
96.799999999998775 109.104
96.899999999998769 109.168
96.999999999998764 109.205
97.099999999998758 109.26
97.199999999998752 109.333
97.299999999998747 109.388
97.399999999998741 109.443
97.499999999998735 109.488
97.59999999999873 109.543
97.699999999998724 109.616
97.799999999998718 109.662
97.899999999998712 109.716
97.999999999998707 109.762
98.099999999998701 109.817
98.199999999998695 109.89
98.29999999999869 109.935
98.399999999998684 109.99
98.499999999998678 110.044
98.599999999998673 110.099
98.699999999998667 110.171
98.799999999998661 110.208
98.899999999998656 110.262
98.99999999999865 110.325
99.099999999998644 110.38
99.199999999998639 110.443
99.299999999998633 110.479
99.399999999998627 110.534
99.499999999998622 110.606
99.599999999998616 110.66
99.69999999999861 110.715
99.799999999998604 110.751
99.899999999998599 110.805
99.999999999998593 110.877
100.09999999999859 110.931
100.19999999999858 110.985
100.29999999999858 111.03
100.39999999999857 111.084
100.49999999999856 111.156
100.59999999999856 111.201
100.69999999999855 111.255
100.79999999999855 111.309
100.89999999999854 111.363
100.99999999999854 111.435
101.09999999999853 111.471
101.19999999999852 111.525
101.29999999999852 111.587
101.39999999999851 111.641
101.49999999999851 111.704
101.5999999999985 111.74
101.6999999999985 111.793
101.79999999999849 111.856
101.89999999999849 111.909
101.99999999999848 111.972
102.09999999999847 112.008
102.19999999999847 112.061
102.29999999999846 112.133
102.39999999999846 112.186
102.49999999999845 112.24
102.59999999999845 112.284
102.69999999999844 112.338
102.79999999999843 112.409
102.89999999999843 112.453
102.99999999999842 112.507
103.09999999999842 112.56
103.19999999999841 112.613
103.29999999999841 112.684
103.3999999999984 112.72
103.49999999999839 112.773
103.59999999999839 112.826
103.69999999999838 112.879
103.79999999999838 112.95
103.89999999999837 112.986
103.99999999999837 113.039
104.09999999999836 113.101
104.19999999999835 113.154
104.29999999999835 113.215
104.39999999999834 113.251
104.49999999999834 113.304
104.59999999999833 113.374
104.69999999999833 113.427
104.79999999999832 113.48
104.89999999999831 113.524
104.99999999999831 113.577
105.0999999999983 113.647
105.1999999999983 113.691
105.29999999999829 113.744
105.39999999999829 113.788
105.49999999999828 113.841
105.59999999999827 113.911
105.69999999999827 113.955
105.79999999999826 114.008
105.89999999999826 114.06
105.99999999999825 114.113
106.09999999999825 114.183
106.19999999999824 114.218
106.29999999999824 114.27
106.39999999999823 114.332
106.49999999999822 114.384
106.59999999999822 114.445
106.69999999999821 114.48
106.79999999999821 114.533
106.8999999999982 114.603
106.9999999999982 114.655
107.09999999999819 114.707
107.19999999999818 114.742
107.29999999999818 114.794
107.39999999999817 114.873
107.49999999999817 114.916
107.59999999999816 114.968
107.69999999999816 115.012
107.79999999999815 115.064
107.89999999999814 115.134
107.99999999999814 115.177
108.09999999999813 115.229
108.19999999999813 115.281
108.29999999999812 115.333
108.39999999999812 115.403
108.49999999999811 115.437
108.5999999999981 115.489
108.6999999999981 115.55
108.79999999999809 115.602
108.89999999999809 115.662
108.99999999999808 115.697
109.09999999999808 115.749
109.19999999999807 115.818
109.29999999999806 115.87
109.39999999999806 115.921
109.49999999999805 115.956
109.59999999999805 116.008
109.69999999999804 116.077
109.79999999999804 116.128
109.89999999999803 116.18
109.99999999999802 116.223
110.09999999999802 116.275
110.19999999999801 116.343
110.29999999999801 116.386
110.399999999998 116.438
110.499999999998 116.489
110.59999999999799 116.541
110.69999999999798 116.609
110.79999999999798 116.644
110.89999999999797 116.695
110.99999999999797 116.755
111.09999999999796 116.807
111.19999999999796 116.866
111.29999999999795 116.901
111.39999999999795 116.952
111.49999999999794 117.012
111.59999999999793 117.063
111.69999999999793 117.123
111.79999999999792 117.157
111.89999999999792 117.208
111.99999999999791 117.276
112.09999999999791 117.328
112.1999999999979 117.379
112.29999999999789 117.421
112.39999999999789 117.472
112.49999999999788 117.541
112.59999999999788 117.583
112.69999999999787 117.634
112.79999999999787 117.685
112.89999999999786 117.736
112.99999999999785 117.804
113.09999999999785 117.838
113.19999999999784 117.889
113.29999999999784 117.94
113.39999999999783 117.991
113.49999999999783 118.058
113.59999999999782 118.092
113.69999999999781 118.143
113.79999999999781 118.202
113.8999999999978 118.253
113.9999999999978 118.312
114.09999999999779 118.346
114.19999999999779 118.397
114.29999999999778 118.464
114.39999999999777 118.515
114.49999999999777 118.566
114.59999999999776 118.608
114.69999999999776 118.658
114.79999999999775 118.726
114.89999999999775 118.768
114.99999999999774 118.818
115.09999999999773 118.86
115.19999999999773 118.911
115.29999999999772 118.978
115.39999999999772 119.02
115.49999999999771 119.071
115.59999999999771 119.121
115.6999999999977 119.171
115.79999999999769 119.238
115.89999999999769 119.272
115.99999999999768 119.322
116.09999999999768 119.381
116.19999999999767 119.431
116.29999999999767 119.49
116.39999999999766 119.523
116.49999999999766 119.573
116.59999999999765 119.64
116.69999999999764 119.69
116.79999999999764 119.741
116.89999999999763 119.774
116.99999999999763 119.824
117.09999999999762 119.891
117.19999999999762 119.941
117.29999999999761 119.991
117.3999999999976 120.032
117.4999999999976 120.082
117.59999999999759 120.149
117.69999999999759 120.191
117.79999999999758 120.241
117.89999999999758 120.29
117.99999999999757 120.34
118.09999999999756 120.407
118.19999999999756 120.44
118.29999999999755 120.49
118.39999999999755 120.548
118.49999999999754 120.598
118.59999999999754 120.656
118.69999999999753 120.689
118.79999999999752 120.739
118.89999999999752 120.797
118.99999999999751 120.846
119.09999999999751 120.904
119.1999999999975 120.937
119.2999999999975 120.987
119.39999999999749 121.053
119.49999999999748 121.102
119.59999999999748 121.152
119.69999999999747 121.193
119.79999999999747 121.243
119.89999999999746 121.309
119.99999999999746 121.35
120.09999999999745 121.399
120.19999999999744 121.449
120.29999999999744 121.498
120.39999999999743 121.564
120.49999999999743 121.597
120.59999999999742 121.646
120.69999999999742 121.696
120.79999999999741 121.745
120.89999999999741 121.811
120.9999999999974 121.843
121.09999999999739 121.893
121.19999999999739 121.95
121.29999999999738 121.999
121.39999999999738 122.057
121.49999999999737 122.089
121.59999999999737 122.138
121.69999999999736 122.204
121.79999999999735 122.253
121.89999999999735 122.302
121.99999999999734 122.343
122.09999999999734 122.392
122.19999999999733 122.457
122.29999999999733 122.498
122.39999999999732 122.547
122.49999999999731 122.588
122.59999999999731 122.637
122.6999999999973 122.702
122.7999999999973 122.743
122.89999999999729 122.792
122.99999999999729 122.841
123.09999999999728 122.889
123.19999999999727 122.955
123.29999999999727 122.987
123.39999999999726 123.036
123.49999999999726 123.093
123.59999999999725 123.141
123.69999999999725 123.198
123.79999999999724 123.231
123.89999999999723 123.279
123.99999999999723 123.344
124.09999999999722 123.393
124.19999999999722 123.425
124.29999999999721 123.425
124.39999999999721 1
124.4999999999972 1
124.59999999999719 1
124.69999999999719 1
124.79999999999718 1
124.89999999999718 1
124.99999999999717 1
